0.10000000000000001 1
0.20000000000000001 1
0.30000000000000004 1
0.40000000000000002 1
0.5 1
0.59999999999999998 1
0.69999999999999996 1
0.79999999999999993 1
0.89999999999999991 1
0.99999999999999989 1
1.0999999999999999 1
1.2 1
1.3 1
1.4000000000000001 2
1.5000000000000002 2
1.6000000000000003 2
1.7000000000000004 2
1.8000000000000005 3
1.9000000000000006 3
2.0000000000000004 3
2.1000000000000005 3
2.2000000000000006 3
2.3000000000000007 4
2.4000000000000008 5
2.5000000000000009 5
2.600000000000001 5
2.7000000000000011 6
2.8000000000000012 7
2.9000000000000012 8
3.0000000000000013 8
3.1000000000000014 9
3.2000000000000015 11
3.3000000000000016 12
3.4000000000000017 12
3.5000000000000018 13
3.6000000000000019 16
3.700000000000002 18
3.800000000000002 18
3.9000000000000021 19
4.0000000000000018 22
4.1000000000000014 25
4.2000000000000011 27
4.3000000000000007 28
4.4000000000000004 31
4.5 34
4.5999999999999996 37
4.6999999999999993 40
4.7999999999999989 43
4.8999999999999986 46
4.9999999999999982 49
5.0999999999999979 52
5.1999999999999975 55
5.2999999999999972 59
5.3999999999999968 62
5.4999999999999964 65
5.5999999999999961 68
5.6999999999999957 70
5.7999999999999954 74
5.899999999999995 77
5.9999999999999947 80
6.0999999999999943 83
6.199999999999994 86
6.2999999999999936 89
6.3999999999999932 93
6.4999999999999929 96
6.5999999999999925 99
6.6999999999999922 102
6.7999999999999918 105
6.8999999999999915 108
6.9999999999999911 111
7.0999999999999908 55.5
7.1999999999999904 55.5
7.2999999999999901 55.5
7.3999999999999897 55.5
7.4999999999999893 55.5
7.599999999999989 55.5
7.6999999999999886 55.5
7.7999999999999883 55.5
7.8999999999999879 55.5
7.9999999999999876 55.5
8.0999999999999872 55.5
8.1999999999999869 55.5
8.2999999999999865 55.5
8.3999999999999861 55.5
8.4999999999999858 55.5
8.5999999999999854 55.5
8.6999999999999851 55.5
8.7999999999999847 55.5
8.8999999999999844 55.5
8.999999999999984 55.5
9.0999999999999837 55.5
9.1999999999999833 55.5
9.2999999999999829 55.5
9.3999999999999826 55.5
9.4999999999999822 55.5
9.5999999999999819 1
9.6999999999999815 1
9.7999999999999812 1
9.8999999999999808 2
9.9999999999999805 2
10.09999999999998 2
10.19999999999998 2
10.299999999999979 4
10.399999999999979 4
10.499999999999979 4
10.599999999999978 4
10.699999999999978 5
10.799999999999978 6
10.899999999999977 6
10.999999999999977 6
11.099999999999977 7
11.199999999999976 8
11.299999999999976 8
11.399999999999975 8
11.499999999999975 10
11.599999999999975 12
11.699999999999974 12
11.799999999999974 12
11.899999999999974 13
11.999999999999973 15
12.099999999999973 16
12.199999999999973 16
12.299999999999972 19
12.399999999999972 21
12.499999999999972 24
12.599999999999971 24
12.699999999999971 26
12.799999999999971 27.037
12.89999999999997 27.111
12.99999999999997 27.1478
13.099999999999969 27.1847
13.199999999999969 27.2582
13.299999999999969 27.2582
13.399999999999968 27.2582
13.499999999999968 27.2582
13.599999999999968 27.2582
13.699999999999967 27.3315
13.799999999999967 27.4411
13.899999999999967 27.5503
13.999999999999966 27.6591
14.099999999999966 27.7674
14.199999999999966 27.8753
14.299999999999965 27.9828
14.399999999999965 28.0898
14.499999999999964 28.1965
14.599999999999964 28.3028
14.699999999999964 28.4438
14.799999999999963 28.5492
14.899999999999963 28.6541
14.999999999999963 28.7239
15.099999999999962 28.8282
15.199999999999962 28.9667
15.299999999999962 29.0702
15.399999999999961 29.1732
15.499999999999961 29.2759
15.599999999999961 29.3783
15.69999999999996 29.4803
15.79999999999996 29.5819
15.899999999999959 29.6832
15.999999999999959 29.7842
16.099999999999959 29.8848
16.19999999999996 29.9851
16.299999999999962 30.1183
16.399999999999963 30.2178
16.499999999999964 30.3169
16.599999999999966 30.3829
16.699999999999967 30.4815
16.799999999999969 30.6125
16.89999999999997 30.7104
16.999999999999972 30.808
17.099999999999973 30.9053
17.199999999999974 31.0022
17.299999999999976 31.0989
17.399999999999977 31.1953
17.499999999999979 31.2913
17.59999999999998 31.3871
17.699999999999982 31.4826
17.799999999999983 31.5778
17.899999999999984 31.6727
17.999999999999986 31.7988
18.099999999999987 31.8931
18.199999999999989 31.9557
18.29999999999999 32.0495
18.399999999999991 32.143
18.499999999999993 32.2673
18.599999999999994 32.3602
18.699999999999996 32.4528
18.799999999999997 32.5452
18.899999999999999 32.6372
19 32.7291
19.100000000000001 32.8207
19.200000000000003 32.912
19.300000000000004 33.003
19.400000000000006 33.0939
19.500000000000007 33.1844
19.600000000000009 33.3048
19.70000000000001 33.3948
19.800000000000011 33.4846
19.900000000000013 33.5443
20.000000000000014 33.6336
20.100000000000016 33.7524
20.200000000000017 33.8412
20.300000000000018 33.9298
20.40000000000002 34.0181
20.500000000000021 34.1062
20.600000000000023 34.1941
20.700000000000024 34.2818
20.800000000000026 34.3692
20.900000000000027 34.4564
21.000000000000028 34.5434
21.10000000000003 34.6302
21.200000000000031 34.7455
21.300000000000033 34.8318
21.400000000000034 34.9179
21.500000000000036 34.9751
21.600000000000037 35.0608
21.700000000000038 35.1748
21.80000000000004 35.26
21.900000000000041 35.345
22.000000000000043 35.4298
22.100000000000044 35.5144
22.200000000000045 35.5988
22.300000000000047 35.683
22.400000000000048 35.767
22.50000000000005 35.8509
22.600000000000051 35.9345
22.700000000000053 36.0179
22.800000000000054 36.1288
22.900000000000055 36.2118
23.000000000000057 36.2946
23.100000000000058 36.3497
23.20000000000006 36.4321
23.300000000000061 36.5418
23.400000000000063 36.6238
23.500000000000064 36.7057
23.600000000000065 36.7874
23.700000000000067 36.8688
23.800000000000068 36.9502
23.90000000000007 37.0313
24.000000000000071 37.1122
24.100000000000072 37.193
24.200000000000074 37.2736
24.300000000000075 37.354
24.400000000000077 37.461
24.500000000000078 37.541
24.60000000000008 37.6209
24.700000000000081 37.674
24.800000000000082 37.7536
24.900000000000084 37.8595
25.000000000000085 37.9386
25.100000000000087 38.0177
25.200000000000088 38.0965
25.30000000000009 38.1752
25.400000000000091 38.2537
25.500000000000092 38.3321
25.600000000000094 38.4103
25.700000000000095 38.4884
25.800000000000097 38.5663
25.900000000000098 38.644
26.000000000000099 38.7474
26.100000000000101 38.8248
26.200000000000102 38.902
26.300000000000104 38.9791
26.400000000000105 39.0304
26.500000000000107 39.1327
26.600000000000108 39.2094
26.700000000000109 39.2858
26.800000000000111 39.3621
26.900000000000112 39.4383
27.000000000000114 39.5143
27.100000000000115 39.6154
27.200000000000117 39.6659
27.300000000000118 39.7415
27.400000000000119 39.8169
27.500000000000121 39.8922
27.600000000000122 39.9924
27.700000000000124 40.0674
27.800000000000125 40.1422
27.900000000000126 40.2169
28.000000000000128 40.2666
28.100000000000129 40.3659
28.200000000000131 40.4401
28.300000000000132 40.5143
28.400000000000134 40.5883
28.500000000000135 40.6621
28.600000000000136 40.7359
28.700000000000138 40.834
28.800000000000139 40.8829
28.900000000000141 40.9563
29.000000000000142 41.0295
29.100000000000144 41.1026
29.200000000000145 41.1998
29.300000000000146 41.2726
29.400000000000148 41.3452
29.500000000000149 41.4177
29.600000000000151 41.466
29.700000000000152 41.5624
29.800000000000153 41.6345
29.900000000000155 41.7065
30.000000000000156 41.7784
30.100000000000158 41.8502
30.200000000000159 41.9218
30.300000000000161 42.0172
30.400000000000162 42.0648
30.500000000000163 42.136
30.600000000000165 42.2072
30.700000000000166 42.2782
30.800000000000168 42.3728
30.900000000000169 42.4435
31.000000000000171 42.5142
31.100000000000172 42.5847
31.200000000000173 42.6316
31.300000000000175 42.7254
31.400000000000176 42.7956
31.500000000000178 42.8656
31.600000000000179 42.9356
31.70000000000018 43.0054
31.800000000000182 43.0751
31.900000000000183 43.1679
32.000000000000185 43.2142
32.100000000000186 43.2836
32.200000000000188 43.3529
32.300000000000189 43.4221
32.40000000000019 43.5141
32.500000000000192 43.583
32.600000000000193 43.6518
32.700000000000195 43.7205
32.800000000000196 43.7662
32.900000000000198 43.8576
33.000000000000199 43.9259
33.1000000000002 43.9942
33.200000000000202 44.0623
33.300000000000203 44.1304
33.400000000000205 44.1983
33.500000000000206 44.2888
33.600000000000207 44.3339
33.700000000000209 44.4016
33.80000000000021 44.4691
33.900000000000212 44.5365
34.000000000000213 44.6263
34.100000000000215 44.6934
34.200000000000216 44.7605
34.300000000000217 44.8275
34.400000000000219 44.8944
34.50000000000022 44.9612
34.600000000000222 45.0279
34.700000000000223 45.0945
34.800000000000225 45.161
34.900000000000226 45.2274
35.000000000000227 45.2937
35.100000000000229 45.3819
35.20000000000023 45.426
35.300000000000232 45.492
35.400000000000233 45.5579
35.500000000000234 45.6237
35.600000000000236 45.7113
35.700000000000237 45.7769
35.800000000000239 45.8424
35.90000000000024 45.9079
36.000000000000242 45.9732
36.100000000000243 46.0384
36.200000000000244 46.1035
36.300000000000246 46.1686
36.400000000000247 46.2335
36.500000000000249 46.2984
36.60000000000025 46.3631
36.700000000000252 46.4494
36.800000000000253 46.5139
36.900000000000254 46.5569
37.000000000000256 46.6213
37.100000000000257 46.6856
37.200000000000259 46.7712
37.30000000000026 46.8354
37.400000000000261 46.8994
37.500000000000263 46.9633
37.600000000000264 47.0272
37.700000000000266 47.0697
37.800000000000267 47.1546
37.900000000000269 47.2182
38.00000000000027 47.2817
38.100000000000271 47.3451
38.200000000000273 47.4085
38.300000000000274 47.4717
38.400000000000276 47.5559
38.500000000000277 47.598
38.600000000000279 47.661
38.70000000000028 47.7239
38.800000000000281 47.7867
38.900000000000283 47.8704
39.000000000000284 47.933
39.100000000000286 47.9956
39.200000000000287 48.0581
39.300000000000288 48.0997
39.40000000000029 48.1828
39.500000000000291 48.245
39.600000000000293 48.3072
39.700000000000294 48.3692
39.800000000000296 48.4312
39.900000000000297 48.4932
40.000000000000298 48.5756
40.1000000000003 48.6167
40.200000000000301 48.6784
40.300000000000303 48.74
40.400000000000304 48.8016
40.500000000000306 48.8835
40.600000000000307 48.9448
40.700000000000308 49.0061
40.80000000000031 49.0673
40.900000000000311 49.108
41.000000000000313 49.1894
41.100000000000314 49.2504
41.200000000000315 49.3113
41.300000000000317 49.3721
41.400000000000318 49.4328
41.50000000000032 49.4935
41.600000000000321 49.5743
41.700000000000323 49.6146
41.800000000000324 49.675
41.900000000000325 49.7354
42.000000000000327 49.7957
42.100000000000328 49.876
42.20000000000033 49.9361
42.300000000000331 49.9962
42.400000000000333 50.0561
42.500000000000334 50.0961
42.600000000000335 50.1759
42.700000000000337 50.2357
42.800000000000338 50.2954
42.90000000000034 50.355
43.000000000000341 50.4145
43.100000000000342 50.474
43.200000000000344 50.5532
43.300000000000345 50.5928
43.400000000000347 50.652
43.500000000000348 50.7112
43.60000000000035 50.7704
43.700000000000351 50.8491
43.800000000000352 50.9081
43.900000000000354 50.967
44.000000000000355 51.0258
44.100000000000357 51.0846
44.200000000000358 51.1433
44.30000000000036 51.202
44.400000000000361 51.2605
44.500000000000362 51.319
44.600000000000364 51.3775
44.700000000000365 51.4358
44.800000000000367 51.5136
44.900000000000368 51.5718
45.000000000000369 51.6105
45.100000000000371 51.6686
45.200000000000372 51.7267
45.300000000000374 51.804
45.400000000000375 51.8619
45.500000000000377 51.9197
45.600000000000378 51.9774
45.700000000000379 52.0351
45.800000000000381 52.0928
45.900000000000382 52.1503
46.000000000000384 52.2079
46.100000000000385 52.2653
46.200000000000387 52.3227
46.300000000000388 52.38
46.400000000000389 52.4563
46.500000000000391 52.5135
46.600000000000392 52.5516
46.700000000000394 52.6086
46.800000000000395 52.6656
46.900000000000396 52.7415
47.000000000000398 52.7984
47.100000000000399 52.8552
47.200000000000401 52.9119
47.300000000000402 52.9686
47.400000000000404 53.0252
47.500000000000405 53.0818
47.600000000000406 53.1383
47.700000000000408 53.1947
47.800000000000409 53.2511
47.900000000000411 53.3074
48.000000000000412 53.3824
48.100000000000414 53.4386
48.200000000000415 53.476
48.300000000000416 53.5321
48.400000000000418 53.5881
48.500000000000419 53.6627
48.600000000000421 53.7186
48.700000000000422 53.7744
48.800000000000423 53.8302
48.900000000000425 53.8859
49.000000000000426 53.9416
49.100000000000428 53.9972
49.200000000000429 54.0527
49.300000000000431 54.1082
49.400000000000432 54.1636
49.500000000000433 54.219
49.600000000000435 54.2927
49.700000000000436 54.348
49.800000000000438 54.3847
49.900000000000439 54.4399
50.000000000000441 54.495
50.100000000000442 54.5683
50.200000000000443 54.6233
50.300000000000445 54.6782
50.400000000000446 54.7331
50.500000000000448 54.7878
50.600000000000449 54.8426
50.70000000000045 54.8973
50.800000000000452 54.9519
50.900000000000453 55.0065
51.000000000000455 55.061
51.100000000000456 55.1155
51.200000000000458 55.188
51.300000000000459 55.2423
51.40000000000046 55.2785
51.500000000000462 55.3328
51.600000000000463 55.387
51.700000000000465 55.4592
51.800000000000466 55.5133
51.900000000000468 55.5673
52.000000000000469 55.6212
52.10000000000047 55.6752
52.200000000000472 55.729
52.300000000000473 55.7828
52.400000000000475 55.8366
52.500000000000476 55.8903
52.600000000000477 55.944
52.700000000000479 55.9976
52.80000000000048 56.069
52.900000000000482 56.1225
53.000000000000483 56.1581
53.100000000000485 56.2115
53.200000000000486 56.2649
53.300000000000487 56.3359
53.400000000000489 56.3892
53.50000000000049 56.4423
53.600000000000492 56.4955
53.700000000000493 56.5486
53.800000000000495 56.6016
53.900000000000496 56.6546
54.000000000000497 56.7075
54.100000000000499 56.7604
54.2000000000005 56.8132
54.300000000000502 56.866
54.400000000000503 56.9363
54.500000000000504 56.989
54.600000000000506 57.0416
54.700000000000507 57.0767
54.800000000000509 57.1292
54.90000000000051 57.1992
55.000000000000512 57.2517
55.100000000000513 57.304
55.200000000000514 57.3564
55.300000000000516 57.4087
55.400000000000517 57.4609
55.500000000000519 57.5131
55.60000000000052 57.5652
55.700000000000522 57.6173
55.800000000000523 57.6694
55.900000000000524 57.7214
56.000000000000526 57.7907
56.100000000000527 57.8426
56.200000000000529 57.8944
56.30000000000053 57.929
56.400000000000531 57.9807
56.500000000000533 58.0497
56.600000000000534 58.1013
56.700000000000536 58.153
56.800000000000537 58.2045
56.900000000000539 58.2561
57.00000000000054 58.3075
57.100000000000541 58.359
57.200000000000543 58.4104
57.300000000000544 58.4617
57.400000000000546 58.513
57.500000000000547 58.5643
57.600000000000549 58.6325
57.70000000000055 58.6837
57.800000000000551 58.7348
57.900000000000553 58.7689
58.000000000000554 58.8199
58.100000000000556 58.8709
58.200000000000557 58.9388
58.300000000000558 58.9897
58.40000000000056 59.0405
58.500000000000561 59.0913
58.600000000000563 59.1421
58.700000000000564 59.1928
58.800000000000566 59.2434
58.900000000000567 59.2941
59.000000000000568 59.3447
59.10000000000057 59.3952
59.200000000000571 59.4457
59.300000000000573 59.5129
59.400000000000574 59.5633
59.500000000000576 59.5969
59.600000000000577 59.6472
59.700000000000578 59.6975
59.80000000000058 59.7645
59.900000000000581 59.8147
60.000000000000583 59.8648
60.100000000000584 59.9149
60.200000000000585 59.965
60.300000000000587 60.015
60.400000000000588 60.065
60.50000000000059 60.1149
60.600000000000591 60.1648
60.700000000000593 60.2146
60.800000000000594 60.2644
60.900000000000595 60.3308
61.000000000000597 60.3805
61.100000000000598 60.4136
61.2000000000006 60.4633
61.300000000000601 60.5129
61.400000000000603 60.5789
61.500000000000604 60.6285
61.600000000000605 60.6779
61.700000000000607 60.7273
61.800000000000608 60.7767
61.90000000000061 60.8261
62.000000000000611 60.8754
62.100000000000612 60.9247
62.200000000000614 60.9739
62.300000000000615 61.0231
62.400000000000617 61.0722
62.500000000000618 61.1377
62.60000000000062 61.1867
62.700000000000621 61.2194
62.800000000000622 61.2684
62.900000000000624 61.3174
63.000000000000625 61.3826
63.100000000000627 61.4314
63.200000000000628 61.4803
63.30000000000063 61.529
63.400000000000631 61.5778
63.500000000000632 61.6265
63.600000000000634 61.6752
63.700000000000635 61.7238
63.800000000000637 61.7724
63.900000000000638 61.8209
64.000000000000639 61.8695
64.100000000000634 61.9341
64.200000000000628 61.9825
64.300000000000622 62.0148
64.400000000000617 62.0631
64.500000000000611 62.1115
64.600000000000605 62.1758
64.7000000000006 62.2241
64.800000000000594 62.2723
64.900000000000588 62.3204
65.000000000000583 62.3686
65.100000000000577 62.4167
65.200000000000571 62.4647
65.300000000000566 62.5127
65.40000000000056 62.5607
65.500000000000554 62.6086
65.600000000000549 62.6565
65.700000000000543 62.7204
65.800000000000537 62.7682
65.900000000000531 62.816
66.000000000000526 62.8478
66.10000000000052 62.8955
66.200000000000514 62.9591
66.300000000000509 63.0067
66.400000000000503 63.0543
66.500000000000497 63.1019
66.600000000000492 63.1494
66.700000000000486 63.1969
66.80000000000048 63.2444
66.900000000000475 63.2918
67.000000000000469 63.3392
67.100000000000463 63.3865
67.200000000000458 63.4339
67.300000000000452 63.4969
67.400000000000446 63.5441
67.500000000000441 63.5913
67.600000000000435 63.6228
67.700000000000429 63.6699
67.800000000000423 63.7327
67.900000000000418 63.7798
68.000000000000412 63.8268
68.100000000000406 63.8738
68.200000000000401 63.9207
68.300000000000395 63.9677
68.400000000000389 64.0146
68.500000000000384 64.0614
68.600000000000378 64.1082
68.700000000000372 64.155
68.800000000000367 64.2018
68.900000000000361 64.264
69.000000000000355 64.3107
69.10000000000035 64.3574
69.200000000000344 64.3884
69.300000000000338 64.435
69.400000000000333 64.4971
69.500000000000327 64.5436
69.600000000000321 64.59
69.700000000000315 64.6365
69.80000000000031 64.6829
69.900000000000304 64.7292
70.000000000000298 64.7756
70.100000000000293 64.8219
70.200000000000287 64.8681
70.300000000000281 64.9144
70.400000000000276 64.9606
70.50000000000027 65.0221
70.600000000000264 65.0683
70.700000000000259 65.1144
70.800000000000253 65.1451
70.900000000000247 65.1911
71.000000000000242 65.2525
71.100000000000236 65.2984
71.20000000000023 65.3444
71.300000000000225 65.3903
71.400000000000219 65.4361
71.500000000000213 65.482
71.600000000000207 65.5278
71.700000000000202 65.5735
71.800000000000196 65.6193
71.90000000000019 65.665
72.000000000000185 65.7107
72.100000000000179 65.7715
72.200000000000173 65.8171
72.300000000000168 65.8627
72.400000000000162 65.893
72.500000000000156 65.9386
72.600000000000151 65.9992
72.700000000000145 66.0446
72.800000000000139 66.0901
72.900000000000134 66.1354
73.000000000000128 66.1808
73.100000000000122 66.2261
73.200000000000117 66.2714
73.300000000000111 66.3167
73.400000000000105 66.3619
73.500000000000099 66.4071
73.600000000000094 66.4522
73.700000000000088 66.5124
73.800000000000082 66.5575
73.900000000000077 66.6026
74.000000000000071 66.6326
74.100000000000065 66.6776
74.20000000000006 66.7376
74.300000000000054 66.7825
74.400000000000048 66.8274
74.500000000000043 66.8723
74.600000000000037 66.9172
74.700000000000031 66.962
74.800000000000026 67.0068
74.90000000000002 67.0515
75.000000000000014 67.0963
75.100000000000009 67.141
75.200000000000003 67.1857
75.299999999999997 67.2452
75.399999999999991 67.2898
75.499999999999986 67.3343
75.59999999999998 67.364
75.699999999999974 67.4086
75.799999999999969 67.4679
75.899999999999963 67.5123
75.999999999999957 67.5568
76.099999999999952 67.6012
76.199999999999946 67.6455
76.29999999999994 67.6899
76.399999999999935 67.7342
76.499999999999929 67.7785
76.599999999999923 67.8227
76.699999999999918 67.8669
76.799999999999912 67.9111
76.899999999999906 67.97
76.999999999999901 68.0141
77.099999999999895 68.0582
77.199999999999889 68.0876
77.299999999999883 68.1317
77.399999999999878 68.1757
77.499999999999872 68.2344
77.599999999999866 68.2783
77.699999999999861 68.3222
77.799999999999855 68.3661
77.899999999999849 68.41
77.999999999999844 68.4539
78.099999999999838 68.4977
78.199999999999832 68.5415
78.299999999999827 68.5852
78.399999999999821 68.629
78.499999999999815 68.6727
78.59999999999981 68.7309
78.699999999999804 68.7745
78.799999999999798 68.8181
78.899999999999793 68.8472
78.999999999999787 68.8908
79.099999999999781 68.9488
79.199999999999775 68.9923
79.29999999999977 69.0358
79.399999999999764 69.0792
79.499999999999758 69.1226
79.599999999999753 69.166
79.699999999999747 69.2094
79.799999999999741 69.2527
79.899999999999736 69.2961
79.99999999999973 69.3393
80.099999999999724 69.3826
80.199999999999719 69.4402
80.299999999999713 69.4834
80.399999999999707 69.5266
80.499999999999702 69.5553
80.599999999999696 69.5985
80.69999999999969 69.6559
80.799999999999685 69.699
80.899999999999679 69.742
80.999999999999673 69.785
81.099999999999667 69.828
81.199999999999662 69.871
81.299999999999656 69.9139
81.39999999999965 69.9568
81.499999999999645 69.9997
81.599999999999639 70.0425
81.699999999999633 70.0853
81.799999999999628 70.1424
81.899999999999622 70.1852
81.999999999999616 70.2279
82.099999999999611 70.2564
82.199999999999605 70.2991
82.299999999999599 70.3559
82.399999999999594 70.3986
82.499999999999588 70.4412
82.599999999999582 70.4838
82.699999999999577 70.5263
82.799999999999571 70.5688
82.899999999999565 70.6113
82.999999999999559 70.6538
83.099999999999554 70.6963
83.199999999999548 70.7387
83.299999999999542 70.7811
83.399999999999537 70.8376
83.499999999999531 70.8799
83.599999999999525 70.9223
83.69999999999952 70.9505
83.799999999999514 70.9927
83.899999999999508 71.0491
83.999999999999503 71.0913
84.099999999999497 71.1335
84.199999999999491 71.1756
84.299999999999486 71.2178
84.39999999999948 71.2599
84.499999999999474 71.302
84.599999999999469 71.344
84.699999999999463 71.3861
84.799999999999457 71.4281
84.899999999999451 71.4701
84.999999999999446 71.526
85.09999999999944 71.568
85.199999999999434 71.6099
85.299999999999429 71.6378
85.399999999999423 71.6797
85.499999999999417 71.7355
85.599999999999412 71.7773
85.699999999999406 71.8191
85.7999999999994 71.8608
85.899999999999395 71.9026
85.999999999999389 71.9443
86.099999999999383 71.986
86.199999999999378 72.0276
86.299999999999372 72.0693
86.399999999999366 72.1109
86.499999999999361 72.1525
86.599999999999355 72.2079
86.699999999999349 72.2495
86.799999999999343 72.291
86.899999999999338 72.3186
86.999999999999332 72.3601
87.099999999999326 72.4154
87.199999999999321 72.4568
87.299999999999315 72.4982
87.399999999999309 72.5396
87.499999999999304 72.5809
87.599999999999298 72.6222
87.699999999999292 72.6635
87.799999999999287 36.3318
87.899999999999281 36.3318
87.999999999999275 36.3318
88.09999999999927 36.3318
88.199999999999264 36.3318
88.299999999999258 36.3318
88.399999999999253 36.3318
88.499999999999247 36.3318
88.599999999999241 36.3318
88.699999999999235 36.3318
88.79999999999923 36.3318
88.899999999999224 36.3593
88.999999999999218 36.4417
89.099999999999213 36.524
89.199999999999207 36.6061
89.299999999999201 36.688
89.399999999999196 36.7697
89.49999999999919 36.8512
89.599999999999184 36.9326
89.699999999999179 37.0137
89.799999999999173 37.0947
89.899999999999167 37.1755
89.999999999999162 37.283
90.099999999999156 37.3634
90.19999999999915 37.4437
90.299999999999145 37.4971
90.399999999999139 37.577
90.499999999999133 37.6833
90.599999999999127 37.7629
90.699999999999122 37.8423
90.799999999999116 37.9215
90.89999999999911 38.0006
90.999999999999105 38.0795
91.099999999999099 38.1582
91.199999999999093 38.2367
91.299999999999088 38.3152
91.399999999999082 38.3934
91.499999999999076 38.4715
91.599999999999071 38.5753
91.699999999999065 38.6531
91.799999999999059 38.7306
91.899999999999054 38.808
91.999999999999048 38.8596
92.099999999999042 38.9624
92.199999999999037 39.0393
92.299999999999031 39.1161
92.399999999999025 39.1928
92.499999999999019 39.2693
92.599999999999014 39.3456
92.699999999999008 39.4472
92.799999999999002 39.4979
92.899999999998997 39.5738
92.999999999998991 39.6495
93.099999999998985 39.7251
93.19999999999898 39.8257
93.299999999998974 39.901
93.399999999998968 39.9762
93.499999999998963 40.0512
93.599999999998957 40.1011
93.699999999998951 40.2007
93.799999999998946 40.2753
93.89999999999894 40.3498
93.999999999998934 40.4241
94.099999999998929 40.4982
94.199999999998923 40.5723
94.299999999998917 40.6708
94.399999999998911 40.7199
94.499999999998906 40.7935
94.5999999999989 40.867
94.699999999998894 40.9404
94.799999999998889 41.038
94.899999999998883 41.1111
94.999999999998877 41.184
95.099999999998872 41.2568
95.199999999998866 41.3053
95.29999999999886 41.402
95.399999999998855 41.4745
95.499999999998849 41.5467
95.599999999998843 41.6189
95.699999999998838 41.6909
95.799999999998832 41.7629
95.899999999998826 41.8586
95.99999999999882 41.9063
96.099999999998815 41.9779
96.199999999998809 42.0493
96.299999999998803 42.1206
96.399999999998798 42.2155
96.499999999998792 42.2865
96.599999999998786 42.3574
96.699999999998781 42.4282
96.799999999998775 42.4753
96.899999999998769 42.5459
96.999999999998764 42.6399
97.099999999998758 42.7102
97.199999999998752 42.7804
97.299999999998747 42.8505
97.399999999998741 42.9204
97.499999999998735 42.9903
97.59999999999873 43.06
97.699999999998724 43.1297
97.799999999998718 43.1992
97.899999999998712 43.2686
97.999999999998707 43.3379
98.099999999998701 43.4301
98.199999999998695 43.4992
98.29999999999869 43.5681
98.399999999998684 43.614
98.499999999998678 43.6827
98.599999999998673 43.7742
98.699999999998667 43.8427
98.799999999998661 43.9111
98.899999999998656 43.9794
98.99999999999865 44.0476
99.099999999998644 44.1157
99.199999999998639 44.1836
99.299999999998633 44.2515
99.399999999998627 44.3193
99.499999999998622 44.3869
99.599999999998616 44.4545
99.69999999999861 44.5444
99.799999999998604 44.6117
99.899999999998599 44.6789
99.999999999998593 44.746
100.09999999999859 44.7907
100.19999999999858 44.8799
100.29999999999858 44.9468
100.39999999999857 45.0135
100.49999999999856 45.0801
100.59999999999856 45.1466
100.69999999999855 45.213
100.79999999999855 45.2793
100.89999999999854 45.3456
100.99999999999854 45.4117
101.09999999999853 45.4777
101.19999999999852 45.5436
101.29999999999852 45.6314
101.39999999999851 45.6971
101.49999999999851 45.7627
101.5999999999985 45.8283
101.6999999999985 45.8719
101.79999999999849 45.959
101.89999999999849 46.0243
101.99999999999848 46.0894
102.09999999999847 46.1545
102.19999999999847 46.2195
102.29999999999846 46.2843
102.39999999999846 46.3707
102.49999999999845 46.4138
102.59999999999845 46.4784
102.69999999999844 46.5429
102.79999999999843 46.6074
102.89999999999843 46.6931
102.99999999999842 46.7574
103.09999999999842 46.8215
103.19999999999841 46.8855
103.29999999999841 46.9282
103.3999999999984 47.0134
103.49999999999839 47.0771
103.59999999999839 47.1408
103.69999999999838 47.2044
103.79999999999838 47.268
103.89999999999837 47.3314
103.99999999999837 47.4159
104.09999999999836 47.458
104.19999999999835 47.5212
104.29999999999835 47.5843
104.39999999999834 47.6473
104.49999999999834 47.7312
104.59999999999833 47.7941
104.69999999999833 47.8568
104.79999999999832 47.9195
104.89999999999831 47.9612
104.99999999999831 48.0445
105.0999999999983 48.1069
105.1999999999983 48.1693
105.29999999999829 48.2315
105.39999999999829 48.2937
105.49999999999828 48.3558
105.59999999999827 48.4385
105.69999999999827 48.4797
105.79999999999826 48.5416
105.89999999999826 48.6034
105.99999999999825 48.6651
106.09999999999825 48.7472
106.19999999999824 48.8087
106.29999999999824 48.8702
106.39999999999823 48.9315
106.49999999999822 48.9724
106.59999999999822 49.054
106.69999999999821 49.1152
106.79999999999821 49.1762
106.8999999999982 49.2372
106.9999999999982 49.2981
107.09999999999819 49.3589
107.19999999999818 49.4399
107.29999999999818 49.4804
107.39999999999817 49.541
107.49999999999817 49.6015
107.59999999999816 49.662
107.69999999999816 49.7425
107.79999999999815 49.8027
107.89999999999814 49.863
107.99999999999814 49.9231
108.09999999999813 49.9631
108.19999999999813 50.0432
108.29999999999812 50.1031
108.39999999999812 50.1629
108.49999999999811 50.2227
108.5999999999981 50.2824
108.6999999999981 50.3421
108.79999999999809 50.4215
108.89999999999809 50.4611
108.99999999999808 50.5206
109.09999999999808 50.5799
109.19999999999807 50.6392
109.29999999999806 50.7182
109.39999999999806 50.7773
109.49999999999805 50.8363
109.59999999999805 50.8953
109.69999999999804 50.9543
109.79999999999804 51.0131
109.89999999999803 51.0719
109.99999999999802 51.1306
110.09999999999802 51.1893
110.19999999999801 51.2478
110.29999999999801 51.3064
110.399999999998 51.3843
110.499999999998 51.4426
110.59999999999799 51.4815
110.69999999999798 51.5398
110.79999999999798 51.598
110.89999999999797 51.6754
110.99999999999797 51.7335
111.09999999999796 51.7914
111.19999999999796 51.8493
111.29999999999795 51.9072
111.39999999999795 51.9649
111.49999999999794 52.0227
111.59999999999793 52.0803
111.69999999999793 52.1379
111.79999999999792 52.1954
111.89999999999792 52.2529
111.99999999999791 52.3294
112.09999999999791 52.3867
112.1999999999979 52.4248
112.29999999999789 52.482
112.39999999999789 52.5392
112.49999999999788 52.6153
112.59999999999788 52.6723
112.69999999999787 52.7292
112.79999999999787 52.7861
112.89999999999786 52.8429
112.99999999999785 52.8997
113.09999999999785 52.9563
113.19999999999784 53.013
113.29999999999784 53.0695
113.39999999999783 53.1261
113.49999999999783 53.1825
113.59999999999782 53.2577
113.69999999999781 53.314
113.79999999999781 53.3515
113.8999999999978 53.4077
113.9999999999978 53.4639
114.09999999999779 53.5386
114.19999999999779 53.5946
114.29999999999778 53.6506
114.39999999999777 53.7065
114.49999999999777 53.7623
114.59999999999776 53.8181
114.69999999999776 53.8738
114.79999999999775 53.9295
114.89999999999775 53.9851
114.99999999999774 54.0407
115.09999999999773 54.0962
115.19999999999773 54.1701
115.29999999999772 54.2254
115.39999999999772 54.2623
115.49999999999771 54.3176
115.59999999999771 54.3728
115.6999999999977 54.4463
115.79999999999769 54.5014
115.89999999999769 54.5564
115.99999999999768 54.6114
116.09999999999768 54.6663
116.19999999999767 54.7212
116.29999999999767 54.776
116.39999999999766 54.8307
116.49999999999766 54.8854
116.59999999999765 54.9401
116.69999999999764 54.9947
116.79999999999764 55.0674
116.89999999999763 55.1218
116.99999999999763 55.1581
117.09999999999762 55.2125
117.19999999999762 55.2668
117.29999999999761 55.321
117.3999999999976 55.3933
117.4999999999976 55.4475
117.59999999999759 55.5015
117.69999999999759 55.5556
117.79999999999758 55.6096
117.89999999999758 55.6635
117.99999999999757 55.7174
118.09999999999756 55.7712
118.19999999999756 55.825
118.29999999999755 55.8787
118.39999999999755 55.9324
118.49999999999754 56.0038
118.59999999999754 56.0395
118.69999999999753 56.0931
118.79999999999752 56.1465
118.89999999999752 56.1999
118.99999999999751 56.2711
119.09999999999751 56.3244
119.1999999999975 56.3776
119.2999999999975 56.4308
119.39999999999749 56.484
119.49999999999748 56.5371
119.59999999999748 56.5901
119.69999999999747 56.6431
119.79999999999747 56.6961
119.89999999999746 56.749
119.99999999999746 56.8018
120.09999999999745 56.8722
120.19999999999744 56.9249
120.29999999999744 56.9601
120.39999999999743 57.0127
120.49999999999743 57.0653
120.59999999999742 57.1354
120.69999999999742 57.1879
120.79999999999741 57.2403
120.89999999999741 57.2927
120.9999999999974 57.345
121.09999999999739 57.3973
121.19999999999739 57.4496
121.29999999999738 57.5018
121.39999999999738 57.554
121.49999999999737 57.6061
121.59999999999737 57.6581
121.69999999999736 57.7275
121.79999999999735 57.7794
121.89999999999735 57.814
121.99999999999734 57.8659
122.09999999999734 57.9177
122.19999999999733 57.9868
122.29999999999733 58.0385
122.39999999999732 58.0902
122.49999999999731 58.1418
122.59999999999731 58.1934
122.6999999999973 58.2449
122.7999999999973 58.2964
122.89999999999729 58.3478
122.99999999999729 58.3992
123.09999999999728 58.4506
123.19999999999727 58.5019
123.29999999999727 58.5703
123.39999999999726 58.6215
123.49999999999726 58.6556
123.59999999999725 58.7067
123.69999999999725 58.7578
123.79999999999724 58.8258
123.89999999999723 58.8768
123.99999999999723 58.9278
124.09999999999722 58.9787
124.19999999999722 59.0295
124.29999999999721 59.0803
124.39999999999721 59.1311
124.4999999999972 59.1818
124.59999999999719 59.2325
124.69999999999719 59.2831
124.79999999999718 59.3337
124.89999999999718 59.4011
124.99999999999717 59.4179
